,agramfort,alexandreabraham,banilo,demianw,dohmatob,gaelvaroquaux,kamalakerdadi,lesteve,sb238920@is223297.intra.cea.fr
agramfort,926.0,112195.0,23849.0,955.0,4305.0,93075.0,29806.0,71607.0,6778.0
alexandreabraham,112195.0,11274628.0,2386679.0,99397.0,393222.0,9134683.0,2819427.0,7081603.0,678655.0
banilo,23849.0,2386679.0,509844.0,23478.0,85361.0,1936005.0,616074.0,1555028.0,139784.0
demianw,955.0,99397.0,23478.0,1140.0,4174.0,86806.0,31030.0,77313.0,5706.0
dohmatob,4305.0,393222.0,85361.0,4174.0,16766.0,336022.0,108759.0,270397.0,25332.0
gaelvaroquaux,93075.0,9134683.0,1936005.0,86806.0,336022.0,7304278.0,2324762.0,5868609.0,541038.0
kamalakerdadi,29806.0,2819427.0,616074.0,31030.0,108759.0,2324762.0,789836.0,1964991.0,167479.0
lesteve,71607.0,7081603.0,1555028.0,77313.0,270397.0,5868609.0,1964991.0,4913312.0,418260.0
sb238920@is223297.intra.cea.fr,6778.0,678655.0,139784.0,5706.0,25332.0,541038.0,167479.0,418260.0,41694.0
