,aabadie,alexandre.abadie@therapixel.com,alexandreabraham,gaelvaroquaux,kamalakerdadi,lesteve,mrahim,titan-c
aabadie,58604.0,31648.0,364236.0,230442.0,81595.0,126389.0,12664.0,11105.0
alexandre.abadie@therapixel.com,31648.0,16292.0,179679.0,112945.0,41310.0,64531.0,5888.0,5577.0
alexandreabraham,364236.0,179679.0,2311192.0,1535603.0,605955.0,802431.0,87676.0,69085.0
gaelvaroquaux,230442.0,112945.0,1535603.0,1090722.0,433241.0,549187.0,92200.0,50247.0
kamalakerdadi,81595.0,41310.0,605955.0,433241.0,292542.0,207327.0,26938.0,16301.0
lesteve,126389.0,64531.0,802431.0,549187.0,207327.0,282914.0,35408.0,25885.0
mrahim,12664.0,5888.0,87676.0,92200.0,26938.0,35408.0,10662.0,2734.0
titan-c,11105.0,5577.0,69085.0,50247.0,16301.0,25885.0,2734.0,10306.0
