,ahoyosid,alexandreabraham,alexsavio,dohmatob,gaelvaroquaux,martinperez,shd339@gmail.com
ahoyosid,61424.0,250656.0,3978.0,215716.0,212832.0,26853.0,0.0
alexandreabraham,250656.0,1535958.0,19534.0,1070272.0,1207453.0,148604.0,0.0
alexsavio,3978.0,19534.0,488.0,15446.0,16934.0,2540.0,0.0
dohmatob,215716.0,1070272.0,15446.0,183200.0,796855.0,109706.0,0.0
gaelvaroquaux,212832.0,1207453.0,16934.0,796855.0,958988.0,117182.0,0.0
martinperez,26853.0,148604.0,2540.0,109706.0,117182.0,12970.0,0.0
shd339@gmail.com,0.0,0.0,0.0,0.0,0.0,0.0,0.0
