,aabadie,alexandreabraham,banilo,bcipolli@ucsd.edu,gaelvaroquaux,kamalakerdadi,lesteve,mrahim,salma1601
aabadie,67266.0,509675.0,133705.0,95482.0,569651.0,337173.0,418824.0,26917.0,29612.0
alexandreabraham,509675.0,3999544.0,1067343.0,732479.0,4569398.0,2614543.0,3512384.0,224685.0,229951.0
banilo,133705.0,1067343.0,296488.0,197902.0,1193037.0,693730.0,1004856.0,57244.0,57326.0
bcipolli@ucsd.edu,95482.0,732479.0,197902.0,139766.0,854894.0,517467.0,643903.0,40599.0,42981.0
gaelvaroquaux,569651.0,4569398.0,1193037.0,854894.0,5300566.0,3199265.0,4023785.0,244404.0,262283.0
kamalakerdadi,337173.0,2614543.0,693730.0,517467.0,3199265.0,2083608.0,2326971.0,142702.0,175179.0
lesteve,418824.0,3512384.0,1004856.0,643903.0,4023785.0,2326971.0,3469560.0,199355.0,182440.0
mrahim,26917.0,224685.0,57244.0,40599.0,244404.0,142702.0,199355.0,11314.0,12228.0
salma1601,29612.0,229951.0,57326.0,42981.0,262283.0,175179.0,182440.0,12228.0,17146.0
