,gaelvaroquaux,kamalakerdadi,kingjr,meghana.madhyastha@inria.fr,moritz.boos@uni-oldenburg.de,njchiang
gaelvaroquaux,27530.0,22204.0,324.0,1045.0,7253.0,3610.0
kamalakerdadi,22204.0,16536.0,272.0,800.0,5646.0,2852.0
kingjr,324.0,272.0,0.0,10.0,62.0,48.0
meghana.madhyastha@inria.fr,1045.0,800.0,10.0,52.0,324.0,67.0
moritz.boos@uni-oldenburg.de,7253.0,5646.0,62.0,324.0,2154.0,572.0
njchiang,3610.0,2852.0,48.0,67.0,572.0,984.0
